-8.1331 2.3991 2.1283
-7.3049 2.0491 2.1549
-6.5700 2.0297 2.1826
-5.7287 1.9393 2.3515
-4.6431 1.3953 2.4479
-3.9536 1.5641 2.3141
-2.9244 1.8086 2.3706
-2.4849 1.3548 2.2645
-2.0879 1.0406 2.5954
-1.9230 0.8997 2.7008
-1.1326 1.0474 2.7260
-0.4144 1.0322 3.0123
0.3403 0.6526 3.3326
0.5276 0.5859 3.0281
1.6190 0.8135 3.2384
1.8595 0.7847 3.0898
2.9673 1.3327 3.4341
3.5110 1.3371 3.7208
4.8594 1.7600 3.6113
6.5083 2.1257 2.8593
8.2383 1.7283 2.9792
8.8162 1.7948 3.1062
9.7377 2.2094 2.6696
11.2987 2.3514 2.2821
13.6834 2.9888 2.0057
